0 0.0780590717299578 0.3409090909090909 0.12658227848101264 0.2202797202797203
0 0.16666666666666666 0.5402097902097902 0.13924050632911392 0.16433566433566432
0 0.26687763713080165 0.3513986013986014 0.1751054852320675 0.1993006993006993
0 0.2679324894514768 0.21678321678321677 0.1181434599156118 0.15384615384615385
0 0.4124472573839662 0.39335664335664333 0.10759493670886075 0.10839160839160839
0 0.45886075949367083 0.5262237762237763 0.15400843881856538 0.19230769230769232
0 0.4957805907172995 0.7954545454545454 0.10548523206751054 0.22727272727272727
0 0.6075949367088607 0.6713286713286714 0.12658227848101264 0.24475524475524477
0 0.4715189873417721 0.36363636363636365 0.07383966244725738 0.16083916083916083
0 0.6845991561181434 0.32167832167832167 0.12447257383966244 0.24475524475524477
0 0.8364978902953586 0.3374125874125874 0.14135021097046413 0.22727272727272727
0 0.7521097046413502 0.5402097902097902 0.13291139240506328 0.17132867132867133
0 0.8966244725738396 0.6171328671328671 0.12658227848101264 0.3111888111888112
0 0.910337552742616 0.8496503496503497 0.1582278481012658 0.23076923076923078
