0 0.2626582278481012 0.5635416666666666 0.47468354430379744 0.6104166666666666
0 0.30168776371308015 0.18958333333333333 0.22784810126582278 0.2583333333333333
0 0.5348101265822784 0.6979166666666666 0.3481012658227848 0.5083333333333333
0 0.4472573839662447 0.35833333333333334 0.13924050632911392 0.15833333333333333
0 0.6487341772151898 0.5427083333333333 0.25949367088607594 0.41875
0 0.5949367088607594 0.11875 0.1181434599156118 0.1625
0 0.5864978902953586 0.278125 0.13080168776371306 0.14375
0 0.7130801687763713 0.22291666666666665 0.14767932489451477 0.19583333333333333
0 0.840717299578059 0.32916666666666666 0.22995780590717296 0.2583333333333333
0 0.5474683544303797 0.22395833333333334 0.12447257383966244 0.08125
