0 0.24156118143459915 0.7985915492957747 0.23839662447257381 0.3971830985915493
0 0.5031645569620252 0.8126760563380282 0.22995780590717296 0.36901408450704226
0 0.740506329113924 0.8380281690140845 0.21940928270042193 0.3183098591549296
0 0.08016877637130801 0.5380281690140846 0.16033755274261602 0.3830985915492958
0 0.06540084388185653 0.8056338028169014 0.13080168776371306 0.22535211267605634
0 0.23101265822784808 0.543661971830986 0.25949367088607594 0.4169014084507042
0 0.5717299578059071 0.5521126760563381 0.26160337552742613 0.4056338028169014
0 0.8069620253164557 0.7225352112676057 0.20886075949367086 0.5492957746478874
0 0.33649789029535865 0.31408450704225355 0.20042194092827004 0.35774647887323946
0 0.11286919831223628 0.23802816901408452 0.20042194092827004 0.3126760563380282
0 0.12130801687763712 0.08732394366197184 0.1793248945147679 0.17464788732394368
0 0.2974683544303797 0.1028169014084507 0.1561181434599156 0.2056338028169014
0 0.4894514767932489 0.18169014084507043 0.24472573839662445 0.36338028169014086
0 0.7753164556962024 0.11126760563380282 0.1962025316455696 0.22253521126760564
0 0.7056962025316456 0.3676056338028169 0.18776371308016876 0.37464788732394366
0 0.8934599156118143 0.43802816901408453 0.20464135021097044 0.4028169014084507
0 0.8902953586497889 0.15774647887323945 0.2151898734177215 0.27605633802816903
