2 0.2753164556962025 0.3175105485232067 0.06540084388185653 0.06118143459915611
2 0.3512658227848101 0.3280590717299578 0.056962025316455694 0.08227848101265822
2 0.22362869198312235 0.37869198312236285 0.0590717299578059 0.06540084388185653
2 0.2932489451476793 0.3639240506329114 0.07172995780590717 0.040084388185654005
2 0.12341772151898733 0.5358649789029536 0.22151898734177214 0.24472573839662445
2 0.2120253164556962 0.6940928270042194 0.1371308016877637 0.1772151898734177
2 0.09177215189873417 0.7183544303797468 0.18354430379746833 0.20042194092827004
2 0.1729957805907173 0.4715189873417721 0.1181434599156118 0.19198312236286919
2 0.30274261603375524 0.5295358649789029 0.16244725738396623 0.2995780590717299
2 0.3934599156118143 0.44409282700421937 0.09493670886075949 0.20042194092827004
2 0.4472573839662447 0.3871308016877637 0.05485232067510548 0.11603375527426159
2 0.4430379746835443 0.5833333333333333 0.0970464135021097 0.2172995780590717
2 0.501054852320675 0.4314345991561181 0.09493670886075949 0.1751054852320675
2 0.5052742616033755 0.30801687763713076 0.04852320675105485 0.07594936708860758
2 0.5675105485232067 0.5063291139240506 0.10970464135021096 0.1940928270042194
2 0.6413502109704641 0.41983122362869196 0.09282700421940927 0.1561181434599156
2 0.7130801687763713 0.4430379746835443 0.08438818565400844 0.13924050632911392
2 0.5970464135021096 0.740506329113924 0.3164556962025316 0.2995780590717299
2 0.7499999999999999 0.6445147679324894 0.2510548523206751 0.2679324894514768
2 0.871308016877637 0.6561181434599156 0.22362869198312235 0.1940928270042194
