2 0.12341772151898733 0.7499999999999999 0.22995780590717296 0.44514767932489446
2 0.28270042194092826 0.7468354430379747 0.18143459915611812 0.3586497890295358
2 0.4419831223628692 0.731012658227848 0.13291139240506328 0.3691983122362869
2 0.610759493670886 0.8438818565400843 0.11181434599156118 0.20253164556962022
2 0.09599156118143459 0.3280590717299578 0.19198312236286919 0.3945147679324894
2 0.14662447257383965 0.47890295358649787 0.09493670886075949 0.16877637130801687
2 0.22046413502109702 0.4736286919831223 0.12447257383966244 0.19198312236286919
2 0.3343881856540084 0.47573839662447254 0.13291139240506328 0.19198312236286919
2 0.4282700421940928 0.42194092827004215 0.12236286919831223 0.18565400843881855
2 0.36075949367088606 0.26054852320675104 0.1350210970464135 0.24261603375527424
2 0.4694092827004219 0.2742616033755274 0.10337552742616032 0.10970464135021096
2 0.5042194092827004 0.5094936708860759 0.14345991561181434 0.3396624472573839
2 0.8027426160337552 0.7067510548523206 0.1751054852320675 0.3755274261603375
2 0.6255274261603375 0.4240506329113924 0.14135021097046413 0.24050632911392403
2 0.7447257383966244 0.46413502109704635 0.1181434599156118 0.14345991561181434
2 0.6666666666666666 0.6392405063291139 0.18143459915611812 0.350210970464135
2 0.8913502109704641 0.4715189873417721 0.1962025316455696 0.2172995780590717
2 0.7795358649789029 0.3639240506329114 0.08649789029535865 0.11181434599156118
2 0.9251054852320675 0.34388185654008435 0.14556962025316456 0.07594936708860758
