2 0.11497890295358648 0.825168918918919 0.2130801687763713 0.3125
2 0.3048523206751055 0.7947635135135136 0.20886075949367086 0.28885135135135137
2 0.1550632911392405 0.5498310810810811 0.2341772151898734 0.28547297297297297
2 0.3048523206751055 0.14611486486486489 0.08227848101265822 0.09628378378378379
2 0.26371308016877637 0.28969594594594594 0.18565400843881855 0.23141891891891894
2 0.42721518987341767 0.24155405405405406 0.11603375527426159 0.0945945945945946
2 0.39873417721518983 0.32179054054054057 0.08860759493670885 0.0793918918918919
2 0.28902953586497887 0.4070945945945946 0.1561181434599156 0.09797297297297297
2 0.36181434599156115 0.5532094594594595 0.18776371308016876 0.2043918918918919
2 0.45042194092827 0.47972972972972977 0.14978902953586495 0.30743243243243246
2 0.49789029535864976 0.7871621621621622 0.18987341772151897 0.3006756756756757
2 0.6023206751054851 0.6554054054054055 0.14556962025316456 0.23310810810810811
2 0.6835443037974683 0.7212837837837838 0.24472573839662445 0.3175675675675676
2 0.870253164556962 0.8099662162162162 0.2510548523206751 0.37331081081081086
2 0.9156118143459915 0.5456081081081081 0.1561181434599156 0.18581081081081083
2 0.530590717299578 0.38682432432432434 0.1751054852320675 0.22297297297297297
2 0.660337552742616 0.2880067567567568 0.12658227848101264 0.14358108108108109
2 0.7436708860759493 0.24577702702702703 0.06962025316455696 0.05912162162162163
2 0.8586497890295358 0.2195945945945946 0.24050632911392403 0.41554054054054057
2 0.7447257383966244 0.32179054054054057 0.1561181434599156 0.09966216216216217
2 0.6666666666666666 0.4248310810810811 0.15189873417721517 0.1266891891891892
2 0.6223628691983122 0.512668918918919 0.14767932489451477 0.11655405405405406
2 0.8575949367088607 0.48057432432432434 0.2172995780590717 0.2956081081081081
