2 0.5537974683544303 0.7084507042253522 0.22151898734177214 0.35211267605633806
2 0.4293248945147679 0.2028169014084507 0.24683544303797467 0.27042253521126763
2 0.12974683544303797 0.2295774647887324 0.2130801687763713 0.24507042253521127
2 0.1729957805907173 0.3535211267605634 0.22362869198312235 0.26197183098591553
2 0.7320675105485231 0.6408450704225352 0.23206751054852318 0.447887323943662
2 0.16244725738396623 0.6042253521126761 0.21097046413502107 0.3014084507042254
2 0.2921940928270042 0.5788732394366197 0.3396624472573839 0.543661971830986
2 0.5864978902953586 0.35492957746478876 0.1772151898734177 0.29859154929577464
2 0.7362869198312235 0.3098591549295775 0.16455696202531644 0.23661971830985917
2 0.8818565400843881 0.5169014084507042 0.18565400843881855 0.6225352112676057
