1 0.16033755274261602 0.76171875 0.26160337552742613 0.46875
1 0.43354430379746833 0.8203125 0.27215189873417717 0.3515625
1 0.2795358649789029 0.193359375 0.24261603375527424 0.38671875
1 0.6740506329113923 0.654296875 0.25949367088607594 0.68359375
1 0.7478902953586497 0.45703125 0.09071729957805906 0.28125
1 0.8839662447257384 0.587890625 0.22784810126582278 0.81640625
1 0.3660337552742616 0.34375 0.18776371308016876 0.2890625
1 0.7236286919831223 0.212890625 0.12658227848101264 0.20703125
1 0.540084388185654 0.19140625 0.16877637130801687 0.2421875
1 0.7721518987341771 0.068359375 0.10126582278481011 0.13671875
1 0.8575949367088607 0.134765625 0.10337552742616032 0.16796875
1 0.20675105485232065 0.46875 0.12236286919831223 0.1875
1 0.06540084388185653 0.6015625 0.13080168776371306 0.265625
