1 0.1962025316455696 0.5396825396825397 0.3924050632911392 0.5587301587301587
1 0.2521097046413502 0.15396825396825398 0.12025316455696201 0.21904761904761905
1 0.6508438818565401 0.7158730158730159 0.18354430379746833 0.326984126984127
1 0.870253164556962 0.726984126984127 0.2552742616033755 0.33650793650793653
1 0.8976793248945147 0.4444444444444444 0.20042194092827004 0.47619047619047616
1 0.780590717299578 0.4873015873015873 0.2573839662447257 0.4031746031746032
1 0.3997890295358649 0.4444444444444444 0.09071729957805906 0.12698412698412698
1 0.4535864978902953 0.4984126984126984 0.08438818565400844 0.17142857142857143
1 0.490506329113924 0.4984126984126984 0.12447257383966244 0.33650793650793653
1 0.5327004219409283 0.526984126984127 0.14556962025316456 0.35555555555555557
1 0.630801687763713 0.5095238095238095 0.15189873417721517 0.38412698412698415
1 0.4082278481012658 0.24285714285714285 0.2510548523206751 0.346031746031746
