1 0.20675105485232065 0.7025316455696202 0.4135021097046413 0.5886075949367089
1 0.8227848101265822 0.7737341772151899 0.28270042194092826 0.4462025316455696
1 0.40189873417721517 0.7262658227848101 0.2510548523206751 0.5411392405063291
1 0.10126582278481011 0.4588607594936709 0.20253164556962022 0.34177215189873417
1 0.29535864978902954 0.17246835443037975 0.2531645569620253 0.3449367088607595
1 0.2985232067510548 0.34651898734177217 0.11603375527426159 0.20569620253164556
1 0.39767932489451474 0.36550632911392406 0.12447257383966244 0.1930379746835443
1 0.5337552742616033 0.4050632911392405 0.13080168776371306 0.18987341772151897
1 0.5485232067510548 0.16772151898734178 0.16877637130801687 0.27848101265822783
1 0.6508438818565401 0.310126582278481 0.13291139240506328 0.18354430379746836
1 0.8417721518987341 0.4462025316455696 0.16033755274261602 0.24050632911392406
1 0.8860759493670886 0.2389240506329114 0.1729957805907173 0.20569620253164556
1 0.6751054852320675 0.6835443037974683 0.2869198312236287 0.6265822784810127
1 0.6360759493670886 0.7832278481012658 0.08227848101265822 0.1550632911392405
