1 0.20042194092827004 0.7041139240506329 0.4008438818565401 0.5854430379746836
1 0.39873417721518983 0.7278481012658228 0.24472573839662445 0.5379746835443038
1 0.8291139240506329 0.7784810126582279 0.27848101265822783 0.43670886075949367
1 0.6930379746835442 0.6044303797468354 0.2510548523206751 0.45569620253164556
1 0.6286919831223629 0.7832278481012658 0.10548523206751054 0.1550632911392405
1 0.10337552742616032 0.4588607594936709 0.20675105485232065 0.33544303797468356
1 0.1170886075949367 0.15031645569620253 0.18776371308016876 0.30063291139240506
1 0.2943037974683544 0.1819620253164557 0.2552742616033755 0.3639240506329114
1 0.28902953586497887 0.3528481012658228 0.1350210970464135 0.21835443037974683
1 0.5516877637130801 0.17563291139240506 0.16666666666666666 0.30063291139240506
1 0.4008438818565401 0.3686708860759494 0.12658227848101264 0.18670886075949367
1 0.5295358649789029 0.4240506329113924 0.13080168776371306 0.22151898734177214
1 0.6434599156118143 0.2990506329113924 0.1350210970464135 0.16139240506329114
1 0.8396624472573839 0.44462025316455694 0.16033755274261602 0.24367088607594936
1 0.8860759493670886 0.24683544303797467 0.16455696202531644 0.25316455696202533
