1 0.17088607594936708 0.7626582278481012 0.26160337552742613 0.46835443037974683
1 0.3892405063291139 0.7373417721518988 0.2552742616033755 0.5189873417721519
1 0.5559071729957805 0.685126582278481 0.24683544303797467 0.6234177215189873
1 0.6666666666666666 0.7294303797468354 0.2151898734177215 0.5348101265822784
1 0.8597046413502109 0.7420886075949367 0.1582278481012658 0.5094936708860759
1 0.8312236286919831 0.8607594936708861 0.14345991561181434 0.23417721518987342
1 0.1761603375527426 0.5126582278481012 0.16244725738396623 0.22784810126582278
1 0.09177215189873417 0.20727848101265822 0.12447257383966244 0.3322784810126582
1 0.14451476793248944 0.37183544303797467 0.11603375527426159 0.12341772151898733
1 0.04746835443037974 0.7025316455696202 0.09493670886075949 0.5632911392405063
1 0.21940928270042193 0.12974683544303797 0.12658227848101264 0.11392405063291139
1 0.2362869198312236 0.2310126582278481 0.12658227848101264 0.17721518987341772
1 0.2689873417721519 0.3259493670886076 0.09915611814345991 0.14556962025316456
1 0.40295358649789026 0.2800632911392405 0.16033755274261602 0.19936708860759494
1 0.35970464135021096 0.44936708860759494 0.14556962025316456 0.13291139240506328
1 0.4725738396624472 0.3528481012658228 0.1350210970464135 0.1550632911392405
1 0.5632911392405063 0.2626582278481013 0.13080168776371306 0.20253164556962025
1 0.6761603375527425 0.40822784810126583 0.13291139240506328 0.12658227848101267
1 0.6867088607594937 0.3022151898734177 0.14556962025316456 0.16772151898734178
1 0.7858649789029535 0.49683544303797467 0.10759493670886075 0.2088607594936709
1 0.9050632911392404 0.6550632911392404 0.18565400843881855 0.6835443037974683
1 0.791139240506329 0.2911392405063291 0.08016877637130801 0.16455696202531644
1 0.8670886075949367 0.25316455696202533 0.10970464135021096 0.13924050632911392
1 0.7573839662447257 0.16930379746835442 0.1350210970464135 0.14240506329113925
1 0.44409282700421937 0.14715189873417722 0.09915611814345991 0.14240506329113925
1 0.13185654008438819 0.24050632911392406 0.08227848101265822 0.13924050632911392
