1 0.4831223628691983 0.4261006289308176 0.0970464135021097 0.25471698113207547
1 0.5232067510548523 0.1556603773584906 0.06329113924050632 0.15408805031446543
1 0.31856540084388185 0.19811320754716982 0.09282700421940927 0.20754716981132076
1 0.0981012658227848 0.3647798742138365 0.10337552742616032 0.27044025157232704
1 0.13080168776371306 0.7955974842767296 0.26160337552742613 0.389937106918239
1 0.34282700421940926 0.9276729559748428 0.12447257383966244 0.13836477987421383
1 0.1740506329113924 0.23270440251572327 0.09915611814345991 0.2389937106918239
1 0.2932489451476793 0.339622641509434 0.1350210970464135 0.2578616352201258
1 0.1571729957805907 0.42138364779874216 0.19198312236286919 0.22012578616352202
1 0.22784810126582278 0.6619496855345912 0.19831223628691982 0.34905660377358494
1 0.2985232067510548 0.5959119496855346 0.12025316455696201 0.33018867924528306
1 0.17088607594936708 0.09433962264150944 0.06751054852320675 0.12578616352201258
1 0.6613924050632911 0.7688679245283019 0.22573839662447256 0.32389937106918243
1 0.8301687763713079 0.7924528301886793 0.10337552742616032 0.4088050314465409
1 0.85126582278481 0.559748427672956 0.12447257383966244 0.2830188679245283
1 0.7194092827004219 0.5157232704402516 0.13080168776371306 0.22012578616352202
1 0.6339662447257384 0.4669811320754717 0.14135021097046413 0.27358490566037735
1 0.6835443037974683 0.1808176100628931 0.08438818565400844 0.20440251572327045
1 0.8037974683544303 0.30817610062893086 0.0970464135021097 0.16352201257861637
1 0.7035864978902953 0.27358490566037735 0.07383966244725738 0.169811320754717
