1 0.10864978902953586 0.8602484472049688 0.2172995780590717 0.27329192546583847
1 0.29641350210970463 0.8571428571428571 0.19198312236286919 0.2795031055900621
1 0.6550632911392404 0.8354037267080745 0.27215189873417717 0.32298136645962733
1 0.8976793248945147 0.7391304347826086 0.19198312236286919 0.515527950310559
1 0.8217299578059071 0.858695652173913 0.11603375527426159 0.15838509316770186
1 0.07489451476793248 0.5372670807453416 0.14978902953586495 0.3416149068322981
1 0.16877637130801687 0.36801242236024845 0.10548523206751054 0.23913043478260868
1 0.08860759493670885 0.2717391304347826 0.10970464135021096 0.18322981366459626
1 0.2911392405063291 0.36490683229813664 0.16455696202531644 0.22049689440993786
1 0.2932489451476793 0.5869565217391304 0.1940928270042194 0.2795031055900621
1 0.4894514767932489 0.6987577639751552 0.1729957805907173 0.2981366459627329
1 0.7236286919831223 0.5947204968944099 0.14767932489451477 0.2888198757763975
1 0.5379746835443038 0.5015527950310559 0.14345991561181434 0.23913043478260868
1 0.3333333333333333 0.17546583850931677 0.13924050632911392 0.19565217391304346
1 0.20464135021097044 0.09937888198757763 0.10970464135021096 0.13664596273291924
1 0.5485232067510548 0.07763975155279502 0.10970464135021096 0.15527950310559005
1 0.6972573839662447 0.3105590062111801 0.11603375527426159 0.19875776397515527
1 0.8386075949367088 0.343167701863354 0.14556962025316456 0.20807453416149066
1 0.9440928270042194 0.22204968944099376 0.10759493670886075 0.21428571428571427
1 0.8027426160337552 0.06521739130434782 0.11181434599156118 0.11801242236024843
1 0.6856540084388185 0.06055900621118012 0.0970464135021097 0.12111801242236024
1 0.04535864978902953 0.14906832298136646 0.09071729957805906 0.17391304347826086
1 0.5654008438818565 0.36490683229813664 0.16455696202531644 0.22049689440993786
